{
 "cells": [
  {
   "cell_type": "code",
   "execution_count": 1,
   "metadata": {},
   "outputs": [],
   "source": [
    "# https://blog.naver.com/ostin1038/222123922113"
   ]
  },
  {
   "cell_type": "code",
   "execution_count": 2,
   "metadata": {},
   "outputs": [],
   "source": [
    "import pandas as pd\n",
    "import numpy as np"
   ]
  },
  {
   "cell_type": "code",
   "execution_count": 3,
   "metadata": {},
   "outputs": [
    {
     "data": {
      "text/html": [
       "<div>\n",
       "<style scoped>\n",
       "    .dataframe tbody tr th:only-of-type {\n",
       "        vertical-align: middle;\n",
       "    }\n",
       "\n",
       "    .dataframe tbody tr th {\n",
       "        vertical-align: top;\n",
       "    }\n",
       "\n",
       "    .dataframe thead th {\n",
       "        text-align: right;\n",
       "    }\n",
       "</style>\n",
       "<table border=\"1\" class=\"dataframe\">\n",
       "  <thead>\n",
       "    <tr style=\"text-align: right;\">\n",
       "      <th></th>\n",
       "      <th>ZCRm</th>\n",
       "      <th>Energym</th>\n",
       "      <th>EnergyEntropym</th>\n",
       "      <th>SpectralCentroidm</th>\n",
       "      <th>SpectralEntropym</th>\n",
       "      <th>MFCCs1m</th>\n",
       "      <th>MFCCs2m</th>\n",
       "      <th>ChromaVector1m</th>\n",
       "      <th>ChromaDeviationm</th>\n",
       "      <th>EnergyEntropystd</th>\n",
       "      <th>SpectralCentroidstd</th>\n",
       "      <th>SpectralSpreadstd</th>\n",
       "      <th>SpectralEntropystd</th>\n",
       "      <th>SpectralFluxstd</th>\n",
       "      <th>SpectralRolloffstd</th>\n",
       "      <th>MFCCs1std</th>\n",
       "      <th>ChromaVector1std</th>\n",
       "      <th>BPM</th>\n",
       "      <th>class</th>\n",
       "    </tr>\n",
       "  </thead>\n",
       "  <tbody>\n",
       "    <tr>\n",
       "      <th>0</th>\n",
       "      <td>0.136440</td>\n",
       "      <td>0.088861</td>\n",
       "      <td>3.201201</td>\n",
       "      <td>0.262825</td>\n",
       "      <td>1.114423</td>\n",
       "      <td>-22.723259</td>\n",
       "      <td>1.594074</td>\n",
       "      <td>0.011581</td>\n",
       "      <td>0.032185</td>\n",
       "      <td>0.102995</td>\n",
       "      <td>0.041285</td>\n",
       "      <td>0.017725</td>\n",
       "      <td>0.414831</td>\n",
       "      <td>0.005867</td>\n",
       "      <td>0.133778</td>\n",
       "      <td>0.838302</td>\n",
       "      <td>0.013138</td>\n",
       "      <td>128</td>\n",
       "      <td>BigRoom</td>\n",
       "    </tr>\n",
       "    <tr>\n",
       "      <th>1</th>\n",
       "      <td>0.117039</td>\n",
       "      <td>0.108389</td>\n",
       "      <td>3.194001</td>\n",
       "      <td>0.247657</td>\n",
       "      <td>1.065668</td>\n",
       "      <td>-21.775871</td>\n",
       "      <td>1.261364</td>\n",
       "      <td>0.006535</td>\n",
       "      <td>0.041116</td>\n",
       "      <td>0.099449</td>\n",
       "      <td>0.039386</td>\n",
       "      <td>0.018946</td>\n",
       "      <td>0.407164</td>\n",
       "      <td>0.003613</td>\n",
       "      <td>0.110334</td>\n",
       "      <td>0.624185</td>\n",
       "      <td>0.006761</td>\n",
       "      <td>126</td>\n",
       "      <td>BigRoom</td>\n",
       "    </tr>\n",
       "    <tr>\n",
       "      <th>2</th>\n",
       "      <td>0.085308</td>\n",
       "      <td>0.128525</td>\n",
       "      <td>3.123837</td>\n",
       "      <td>0.217205</td>\n",
       "      <td>0.789647</td>\n",
       "      <td>-22.472722</td>\n",
       "      <td>1.425185</td>\n",
       "      <td>0.007143</td>\n",
       "      <td>0.066049</td>\n",
       "      <td>0.117704</td>\n",
       "      <td>0.041509</td>\n",
       "      <td>0.022645</td>\n",
       "      <td>0.340130</td>\n",
       "      <td>0.007697</td>\n",
       "      <td>0.085784</td>\n",
       "      <td>1.028740</td>\n",
       "      <td>0.007836</td>\n",
       "      <td>129</td>\n",
       "      <td>BigRoom</td>\n",
       "    </tr>\n",
       "    <tr>\n",
       "      <th>3</th>\n",
       "      <td>0.103050</td>\n",
       "      <td>0.167042</td>\n",
       "      <td>3.150830</td>\n",
       "      <td>0.233593</td>\n",
       "      <td>0.967082</td>\n",
       "      <td>-21.470751</td>\n",
       "      <td>1.463686</td>\n",
       "      <td>0.010724</td>\n",
       "      <td>0.046159</td>\n",
       "      <td>0.134908</td>\n",
       "      <td>0.032564</td>\n",
       "      <td>0.020036</td>\n",
       "      <td>0.365068</td>\n",
       "      <td>0.005215</td>\n",
       "      <td>0.086336</td>\n",
       "      <td>0.769981</td>\n",
       "      <td>0.008330</td>\n",
       "      <td>129</td>\n",
       "      <td>BigRoom</td>\n",
       "    </tr>\n",
       "    <tr>\n",
       "      <th>4</th>\n",
       "      <td>0.151730</td>\n",
       "      <td>0.148405</td>\n",
       "      <td>3.194498</td>\n",
       "      <td>0.293730</td>\n",
       "      <td>1.353005</td>\n",
       "      <td>-21.371157</td>\n",
       "      <td>1.187854</td>\n",
       "      <td>0.009624</td>\n",
       "      <td>0.036761</td>\n",
       "      <td>0.122271</td>\n",
       "      <td>0.036637</td>\n",
       "      <td>0.017732</td>\n",
       "      <td>0.458740</td>\n",
       "      <td>0.002900</td>\n",
       "      <td>0.148464</td>\n",
       "      <td>1.023154</td>\n",
       "      <td>0.010860</td>\n",
       "      <td>129</td>\n",
       "      <td>BigRoom</td>\n",
       "    </tr>\n",
       "  </tbody>\n",
       "</table>\n",
       "</div>"
      ],
      "text/plain": [
       "       ZCRm   Energym  EnergyEntropym  SpectralCentroidm  SpectralEntropym  \\\n",
       "0  0.136440  0.088861        3.201201           0.262825          1.114423   \n",
       "1  0.117039  0.108389        3.194001           0.247657          1.065668   \n",
       "2  0.085308  0.128525        3.123837           0.217205          0.789647   \n",
       "3  0.103050  0.167042        3.150830           0.233593          0.967082   \n",
       "4  0.151730  0.148405        3.194498           0.293730          1.353005   \n",
       "\n",
       "     MFCCs1m   MFCCs2m  ChromaVector1m  ChromaDeviationm  EnergyEntropystd  \\\n",
       "0 -22.723259  1.594074        0.011581          0.032185          0.102995   \n",
       "1 -21.775871  1.261364        0.006535          0.041116          0.099449   \n",
       "2 -22.472722  1.425185        0.007143          0.066049          0.117704   \n",
       "3 -21.470751  1.463686        0.010724          0.046159          0.134908   \n",
       "4 -21.371157  1.187854        0.009624          0.036761          0.122271   \n",
       "\n",
       "   SpectralCentroidstd  SpectralSpreadstd  SpectralEntropystd  \\\n",
       "0             0.041285           0.017725            0.414831   \n",
       "1             0.039386           0.018946            0.407164   \n",
       "2             0.041509           0.022645            0.340130   \n",
       "3             0.032564           0.020036            0.365068   \n",
       "4             0.036637           0.017732            0.458740   \n",
       "\n",
       "   SpectralFluxstd  SpectralRolloffstd  MFCCs1std  ChromaVector1std  BPM  \\\n",
       "0         0.005867            0.133778   0.838302          0.013138  128   \n",
       "1         0.003613            0.110334   0.624185          0.006761  126   \n",
       "2         0.007697            0.085784   1.028740          0.007836  129   \n",
       "3         0.005215            0.086336   0.769981          0.008330  129   \n",
       "4         0.002900            0.148464   1.023154          0.010860  129   \n",
       "\n",
       "     class  \n",
       "0  BigRoom  \n",
       "1  BigRoom  \n",
       "2  BigRoom  \n",
       "3  BigRoom  \n",
       "4  BigRoom  "
      ]
     },
     "execution_count": 3,
     "metadata": {},
     "output_type": "execute_result"
    }
   ],
   "source": [
    "D = pd.read_csv('data/electronic_music.csv')\n",
    "D.head()"
   ]
  },
  {
   "cell_type": "code",
   "execution_count": 6,
   "metadata": {},
   "outputs": [],
   "source": [
    "# 전처리: 왜도가 2 혹은 첨도가 3 이상인 변수는 log함수를 활용해 값을 전환하고 ex) log( A)\n",
    "# 이전 변수는 제거하시오. 그리고 해당 데이터셋을 Base table로 지정하고 문제풀기를 진행하시오."
   ]
  },
  {
   "cell_type": "code",
   "execution_count": 4,
   "metadata": {},
   "outputs": [
    {
     "data": {
      "text/html": [
       "<div>\n",
       "<style scoped>\n",
       "    .dataframe tbody tr th:only-of-type {\n",
       "        vertical-align: middle;\n",
       "    }\n",
       "\n",
       "    .dataframe tbody tr th {\n",
       "        vertical-align: top;\n",
       "    }\n",
       "\n",
       "    .dataframe thead th {\n",
       "        text-align: right;\n",
       "    }\n",
       "</style>\n",
       "<table border=\"1\" class=\"dataframe\">\n",
       "  <thead>\n",
       "    <tr style=\"text-align: right;\">\n",
       "      <th></th>\n",
       "      <th>skew</th>\n",
       "      <th>kurtosis</th>\n",
       "    </tr>\n",
       "  </thead>\n",
       "  <tbody>\n",
       "    <tr>\n",
       "      <th>ZCRm</th>\n",
       "      <td>0.201446</td>\n",
       "      <td>-0.102927</td>\n",
       "    </tr>\n",
       "    <tr>\n",
       "      <th>Energym</th>\n",
       "      <td>0.670077</td>\n",
       "      <td>0.683374</td>\n",
       "    </tr>\n",
       "    <tr>\n",
       "      <th>EnergyEntropym</th>\n",
       "      <td>-0.652767</td>\n",
       "      <td>0.717547</td>\n",
       "    </tr>\n",
       "    <tr>\n",
       "      <th>SpectralCentroidm</th>\n",
       "      <td>-0.229501</td>\n",
       "      <td>-0.142066</td>\n",
       "    </tr>\n",
       "    <tr>\n",
       "      <th>SpectralEntropym</th>\n",
       "      <td>0.012365</td>\n",
       "      <td>-0.535248</td>\n",
       "    </tr>\n",
       "    <tr>\n",
       "      <th>MFCCs1m</th>\n",
       "      <td>-0.600440</td>\n",
       "      <td>0.922292</td>\n",
       "    </tr>\n",
       "    <tr>\n",
       "      <th>MFCCs2m</th>\n",
       "      <td>0.433142</td>\n",
       "      <td>0.265782</td>\n",
       "    </tr>\n",
       "    <tr>\n",
       "      <th>ChromaVector1m</th>\n",
       "      <td>2.417819</td>\n",
       "      <td>10.554305</td>\n",
       "    </tr>\n",
       "    <tr>\n",
       "      <th>ChromaDeviationm</th>\n",
       "      <td>0.732361</td>\n",
       "      <td>1.128118</td>\n",
       "    </tr>\n",
       "    <tr>\n",
       "      <th>EnergyEntropystd</th>\n",
       "      <td>0.853229</td>\n",
       "      <td>0.983863</td>\n",
       "    </tr>\n",
       "    <tr>\n",
       "      <th>SpectralCentroidstd</th>\n",
       "      <td>0.558354</td>\n",
       "      <td>0.112850</td>\n",
       "    </tr>\n",
       "    <tr>\n",
       "      <th>SpectralSpreadstd</th>\n",
       "      <td>0.371599</td>\n",
       "      <td>-0.080602</td>\n",
       "    </tr>\n",
       "    <tr>\n",
       "      <th>SpectralEntropystd</th>\n",
       "      <td>0.350614</td>\n",
       "      <td>0.217055</td>\n",
       "    </tr>\n",
       "    <tr>\n",
       "      <th>SpectralFluxstd</th>\n",
       "      <td>1.858985</td>\n",
       "      <td>7.687473</td>\n",
       "    </tr>\n",
       "    <tr>\n",
       "      <th>SpectralRolloffstd</th>\n",
       "      <td>0.239307</td>\n",
       "      <td>-0.099013</td>\n",
       "    </tr>\n",
       "    <tr>\n",
       "      <th>MFCCs1std</th>\n",
       "      <td>0.891322</td>\n",
       "      <td>2.897663</td>\n",
       "    </tr>\n",
       "    <tr>\n",
       "      <th>ChromaVector1std</th>\n",
       "      <td>1.912441</td>\n",
       "      <td>6.232342</td>\n",
       "    </tr>\n",
       "    <tr>\n",
       "      <th>BPM</th>\n",
       "      <td>-0.976322</td>\n",
       "      <td>1.007368</td>\n",
       "    </tr>\n",
       "  </tbody>\n",
       "</table>\n",
       "</div>"
      ],
      "text/plain": [
       "                         skew   kurtosis\n",
       "ZCRm                 0.201446  -0.102927\n",
       "Energym              0.670077   0.683374\n",
       "EnergyEntropym      -0.652767   0.717547\n",
       "SpectralCentroidm   -0.229501  -0.142066\n",
       "SpectralEntropym     0.012365  -0.535248\n",
       "MFCCs1m             -0.600440   0.922292\n",
       "MFCCs2m              0.433142   0.265782\n",
       "ChromaVector1m       2.417819  10.554305\n",
       "ChromaDeviationm     0.732361   1.128118\n",
       "EnergyEntropystd     0.853229   0.983863\n",
       "SpectralCentroidstd  0.558354   0.112850\n",
       "SpectralSpreadstd    0.371599  -0.080602\n",
       "SpectralEntropystd   0.350614   0.217055\n",
       "SpectralFluxstd      1.858985   7.687473\n",
       "SpectralRolloffstd   0.239307  -0.099013\n",
       "MFCCs1std            0.891322   2.897663\n",
       "ChromaVector1std     1.912441   6.232342\n",
       "BPM                 -0.976322   1.007368"
      ]
     },
     "execution_count": 4,
     "metadata": {},
     "output_type": "execute_result"
    }
   ],
   "source": [
    "D.agg(['skew','kurtosis']).T"
   ]
  },
  {
   "cell_type": "code",
   "execution_count": 5,
   "metadata": {},
   "outputs": [
    {
     "data": {
      "text/html": [
       "<div>\n",
       "<style scoped>\n",
       "    .dataframe tbody tr th:only-of-type {\n",
       "        vertical-align: middle;\n",
       "    }\n",
       "\n",
       "    .dataframe tbody tr th {\n",
       "        vertical-align: top;\n",
       "    }\n",
       "\n",
       "    .dataframe thead th {\n",
       "        text-align: right;\n",
       "    }\n",
       "</style>\n",
       "<table border=\"1\" class=\"dataframe\">\n",
       "  <thead>\n",
       "    <tr style=\"text-align: right;\">\n",
       "      <th></th>\n",
       "      <th>ZCRm</th>\n",
       "      <th>Energym</th>\n",
       "      <th>EnergyEntropym</th>\n",
       "      <th>SpectralCentroidm</th>\n",
       "      <th>SpectralEntropym</th>\n",
       "      <th>MFCCs1m</th>\n",
       "      <th>MFCCs2m</th>\n",
       "      <th>ChromaVector1m</th>\n",
       "      <th>ChromaDeviationm</th>\n",
       "      <th>EnergyEntropystd</th>\n",
       "      <th>SpectralCentroidstd</th>\n",
       "      <th>SpectralSpreadstd</th>\n",
       "      <th>SpectralEntropystd</th>\n",
       "      <th>SpectralFluxstd</th>\n",
       "      <th>SpectralRolloffstd</th>\n",
       "      <th>MFCCs1std</th>\n",
       "      <th>ChromaVector1std</th>\n",
       "      <th>BPM</th>\n",
       "    </tr>\n",
       "  </thead>\n",
       "  <tbody>\n",
       "    <tr>\n",
       "      <th>skew</th>\n",
       "      <td>0.201446</td>\n",
       "      <td>0.670077</td>\n",
       "      <td>-0.652767</td>\n",
       "      <td>-0.229501</td>\n",
       "      <td>0.012365</td>\n",
       "      <td>-0.600440</td>\n",
       "      <td>0.433142</td>\n",
       "      <td>2.417819</td>\n",
       "      <td>0.732361</td>\n",
       "      <td>0.853229</td>\n",
       "      <td>0.558354</td>\n",
       "      <td>0.371599</td>\n",
       "      <td>0.350614</td>\n",
       "      <td>1.858985</td>\n",
       "      <td>0.239307</td>\n",
       "      <td>0.891322</td>\n",
       "      <td>1.912441</td>\n",
       "      <td>-0.976322</td>\n",
       "    </tr>\n",
       "    <tr>\n",
       "      <th>kurtosis</th>\n",
       "      <td>-0.102927</td>\n",
       "      <td>0.683374</td>\n",
       "      <td>0.717547</td>\n",
       "      <td>-0.142066</td>\n",
       "      <td>-0.535248</td>\n",
       "      <td>0.922292</td>\n",
       "      <td>0.265782</td>\n",
       "      <td>10.554305</td>\n",
       "      <td>1.128118</td>\n",
       "      <td>0.983863</td>\n",
       "      <td>0.112850</td>\n",
       "      <td>-0.080602</td>\n",
       "      <td>0.217055</td>\n",
       "      <td>7.687473</td>\n",
       "      <td>-0.099013</td>\n",
       "      <td>2.897663</td>\n",
       "      <td>6.232342</td>\n",
       "      <td>1.007368</td>\n",
       "    </tr>\n",
       "  </tbody>\n",
       "</table>\n",
       "</div>"
      ],
      "text/plain": [
       "              ZCRm   Energym  EnergyEntropym  SpectralCentroidm  \\\n",
       "skew      0.201446  0.670077       -0.652767          -0.229501   \n",
       "kurtosis -0.102927  0.683374        0.717547          -0.142066   \n",
       "\n",
       "          SpectralEntropym   MFCCs1m   MFCCs2m  ChromaVector1m  \\\n",
       "skew              0.012365 -0.600440  0.433142        2.417819   \n",
       "kurtosis         -0.535248  0.922292  0.265782       10.554305   \n",
       "\n",
       "          ChromaDeviationm  EnergyEntropystd  SpectralCentroidstd  \\\n",
       "skew              0.732361          0.853229             0.558354   \n",
       "kurtosis          1.128118          0.983863             0.112850   \n",
       "\n",
       "          SpectralSpreadstd  SpectralEntropystd  SpectralFluxstd  \\\n",
       "skew               0.371599            0.350614         1.858985   \n",
       "kurtosis          -0.080602            0.217055         7.687473   \n",
       "\n",
       "          SpectralRolloffstd  MFCCs1std  ChromaVector1std       BPM  \n",
       "skew                0.239307   0.891322          1.912441 -0.976322  \n",
       "kurtosis           -0.099013   2.897663          6.232342  1.007368  "
      ]
     },
     "execution_count": 5,
     "metadata": {},
     "output_type": "execute_result"
    }
   ],
   "source": [
    "D.apply(['skew', 'kurtosis'], axis=0)"
   ]
  },
  {
   "cell_type": "code",
   "execution_count": 6,
   "metadata": {},
   "outputs": [],
   "source": [
    "# log 변환\n",
    "D['ChromaVector1m_log'] = np.log(D.ChromaVector1m)\n",
    "D['SpectralFluxstd_log'] = np.log(D.SpectralFluxstd)\n",
    "D['ChromaVector1std_log'] = D.ChromaVector1std.map( lambda x: np.log(x)) # 이 방법도 동일함"
   ]
  },
  {
   "cell_type": "code",
   "execution_count": 7,
   "metadata": {},
   "outputs": [
    {
     "data": {
      "text/html": [
       "<div>\n",
       "<style scoped>\n",
       "    .dataframe tbody tr th:only-of-type {\n",
       "        vertical-align: middle;\n",
       "    }\n",
       "\n",
       "    .dataframe tbody tr th {\n",
       "        vertical-align: top;\n",
       "    }\n",
       "\n",
       "    .dataframe thead th {\n",
       "        text-align: right;\n",
       "    }\n",
       "</style>\n",
       "<table border=\"1\" class=\"dataframe\">\n",
       "  <thead>\n",
       "    <tr style=\"text-align: right;\">\n",
       "      <th></th>\n",
       "      <th>ZCRm</th>\n",
       "      <th>Energym</th>\n",
       "      <th>EnergyEntropym</th>\n",
       "      <th>SpectralCentroidm</th>\n",
       "      <th>SpectralEntropym</th>\n",
       "      <th>MFCCs1m</th>\n",
       "      <th>MFCCs2m</th>\n",
       "      <th>ChromaDeviationm</th>\n",
       "      <th>EnergyEntropystd</th>\n",
       "      <th>SpectralCentroidstd</th>\n",
       "      <th>SpectralSpreadstd</th>\n",
       "      <th>SpectralEntropystd</th>\n",
       "      <th>SpectralRolloffstd</th>\n",
       "      <th>MFCCs1std</th>\n",
       "      <th>BPM</th>\n",
       "      <th>class</th>\n",
       "      <th>ChromaVector1m_log</th>\n",
       "      <th>SpectralFluxstd_log</th>\n",
       "      <th>ChromaVector1std_log</th>\n",
       "    </tr>\n",
       "  </thead>\n",
       "  <tbody>\n",
       "    <tr>\n",
       "      <th>0</th>\n",
       "      <td>0.136440</td>\n",
       "      <td>0.088861</td>\n",
       "      <td>3.201201</td>\n",
       "      <td>0.262825</td>\n",
       "      <td>1.114423</td>\n",
       "      <td>-22.723259</td>\n",
       "      <td>1.594074</td>\n",
       "      <td>0.032185</td>\n",
       "      <td>0.102995</td>\n",
       "      <td>0.041285</td>\n",
       "      <td>0.017725</td>\n",
       "      <td>0.414831</td>\n",
       "      <td>0.133778</td>\n",
       "      <td>0.838302</td>\n",
       "      <td>128</td>\n",
       "      <td>BigRoom</td>\n",
       "      <td>-4.458414</td>\n",
       "      <td>-5.138444</td>\n",
       "      <td>-4.332284</td>\n",
       "    </tr>\n",
       "    <tr>\n",
       "      <th>1</th>\n",
       "      <td>0.117039</td>\n",
       "      <td>0.108389</td>\n",
       "      <td>3.194001</td>\n",
       "      <td>0.247657</td>\n",
       "      <td>1.065668</td>\n",
       "      <td>-21.775871</td>\n",
       "      <td>1.261364</td>\n",
       "      <td>0.041116</td>\n",
       "      <td>0.099449</td>\n",
       "      <td>0.039386</td>\n",
       "      <td>0.018946</td>\n",
       "      <td>0.407164</td>\n",
       "      <td>0.110334</td>\n",
       "      <td>0.624185</td>\n",
       "      <td>126</td>\n",
       "      <td>BigRoom</td>\n",
       "      <td>-5.030514</td>\n",
       "      <td>-5.623269</td>\n",
       "      <td>-4.996584</td>\n",
       "    </tr>\n",
       "    <tr>\n",
       "      <th>2</th>\n",
       "      <td>0.085308</td>\n",
       "      <td>0.128525</td>\n",
       "      <td>3.123837</td>\n",
       "      <td>0.217205</td>\n",
       "      <td>0.789647</td>\n",
       "      <td>-22.472722</td>\n",
       "      <td>1.425185</td>\n",
       "      <td>0.066049</td>\n",
       "      <td>0.117704</td>\n",
       "      <td>0.041509</td>\n",
       "      <td>0.022645</td>\n",
       "      <td>0.340130</td>\n",
       "      <td>0.085784</td>\n",
       "      <td>1.028740</td>\n",
       "      <td>129</td>\n",
       "      <td>BigRoom</td>\n",
       "      <td>-4.941600</td>\n",
       "      <td>-4.866961</td>\n",
       "      <td>-4.849030</td>\n",
       "    </tr>\n",
       "    <tr>\n",
       "      <th>3</th>\n",
       "      <td>0.103050</td>\n",
       "      <td>0.167042</td>\n",
       "      <td>3.150830</td>\n",
       "      <td>0.233593</td>\n",
       "      <td>0.967082</td>\n",
       "      <td>-21.470751</td>\n",
       "      <td>1.463686</td>\n",
       "      <td>0.046159</td>\n",
       "      <td>0.134908</td>\n",
       "      <td>0.032564</td>\n",
       "      <td>0.020036</td>\n",
       "      <td>0.365068</td>\n",
       "      <td>0.086336</td>\n",
       "      <td>0.769981</td>\n",
       "      <td>129</td>\n",
       "      <td>BigRoom</td>\n",
       "      <td>-4.535317</td>\n",
       "      <td>-5.256150</td>\n",
       "      <td>-4.787846</td>\n",
       "    </tr>\n",
       "    <tr>\n",
       "      <th>4</th>\n",
       "      <td>0.151730</td>\n",
       "      <td>0.148405</td>\n",
       "      <td>3.194498</td>\n",
       "      <td>0.293730</td>\n",
       "      <td>1.353005</td>\n",
       "      <td>-21.371157</td>\n",
       "      <td>1.187854</td>\n",
       "      <td>0.036761</td>\n",
       "      <td>0.122271</td>\n",
       "      <td>0.036637</td>\n",
       "      <td>0.017732</td>\n",
       "      <td>0.458740</td>\n",
       "      <td>0.148464</td>\n",
       "      <td>1.023154</td>\n",
       "      <td>129</td>\n",
       "      <td>BigRoom</td>\n",
       "      <td>-4.643453</td>\n",
       "      <td>-5.842930</td>\n",
       "      <td>-4.522707</td>\n",
       "    </tr>\n",
       "  </tbody>\n",
       "</table>\n",
       "</div>"
      ],
      "text/plain": [
       "       ZCRm   Energym  EnergyEntropym  SpectralCentroidm  SpectralEntropym  \\\n",
       "0  0.136440  0.088861        3.201201           0.262825          1.114423   \n",
       "1  0.117039  0.108389        3.194001           0.247657          1.065668   \n",
       "2  0.085308  0.128525        3.123837           0.217205          0.789647   \n",
       "3  0.103050  0.167042        3.150830           0.233593          0.967082   \n",
       "4  0.151730  0.148405        3.194498           0.293730          1.353005   \n",
       "\n",
       "     MFCCs1m   MFCCs2m  ChromaDeviationm  EnergyEntropystd  \\\n",
       "0 -22.723259  1.594074          0.032185          0.102995   \n",
       "1 -21.775871  1.261364          0.041116          0.099449   \n",
       "2 -22.472722  1.425185          0.066049          0.117704   \n",
       "3 -21.470751  1.463686          0.046159          0.134908   \n",
       "4 -21.371157  1.187854          0.036761          0.122271   \n",
       "\n",
       "   SpectralCentroidstd  SpectralSpreadstd  SpectralEntropystd  \\\n",
       "0             0.041285           0.017725            0.414831   \n",
       "1             0.039386           0.018946            0.407164   \n",
       "2             0.041509           0.022645            0.340130   \n",
       "3             0.032564           0.020036            0.365068   \n",
       "4             0.036637           0.017732            0.458740   \n",
       "\n",
       "   SpectralRolloffstd  MFCCs1std  BPM    class  ChromaVector1m_log  \\\n",
       "0            0.133778   0.838302  128  BigRoom           -4.458414   \n",
       "1            0.110334   0.624185  126  BigRoom           -5.030514   \n",
       "2            0.085784   1.028740  129  BigRoom           -4.941600   \n",
       "3            0.086336   0.769981  129  BigRoom           -4.535317   \n",
       "4            0.148464   1.023154  129  BigRoom           -4.643453   \n",
       "\n",
       "   SpectralFluxstd_log  ChromaVector1std_log  \n",
       "0            -5.138444             -4.332284  \n",
       "1            -5.623269             -4.996584  \n",
       "2            -4.866961             -4.849030  \n",
       "3            -5.256150             -4.787846  \n",
       "4            -5.842930             -4.522707  "
      ]
     },
     "execution_count": 7,
     "metadata": {},
     "output_type": "execute_result"
    }
   ],
   "source": [
    "B = D.drop(['ChromaVector1m','SpectralFluxstd','ChromaVector1std'], axis=1)\n",
    "B.head()"
   ]
  },
  {
   "cell_type": "code",
   "execution_count": 8,
   "metadata": {},
   "outputs": [],
   "source": [
    "# Q1\n",
    "_ = \"\"\"\n",
    "Q1: 먼저 18개 변수를 차원 축소를 통해 변수의 수를 줄이고자 한다. \n",
    "    주성분분석 PCA를 진행하고자 하는데 이를 위해 표준화를 진행한다. \n",
    "    이때 표준화는 standardscaler 방식으로 따른다. \n",
    "    다음 표준화를 진행한 변수를 바탕으로 PCA 분석을 수행한다. \n",
    "    (SVD solver:auto, Seed:13, 나머지 디폴트) \n",
    "    이때 다섯번째 주성분의 누적 분산 비율을 구하시오.\n",
    "    (소수 셋째자리 버림 둘째자리 구하시오) \n",
    "\"\"\""
   ]
  },
  {
   "cell_type": "code",
   "execution_count": 9,
   "metadata": {},
   "outputs": [],
   "source": [
    "from sklearn.preprocessing import StandardScaler\n",
    "from sklearn.decomposition import PCA"
   ]
  },
  {
   "cell_type": "code",
   "execution_count": 10,
   "metadata": {},
   "outputs": [],
   "source": [
    "scaler = StandardScaler()"
   ]
  },
  {
   "cell_type": "code",
   "execution_count": 11,
   "metadata": {},
   "outputs": [],
   "source": [
    "pca = PCA(n_components=5, svd_solver=\"auto\", random_state=13)"
   ]
  },
  {
   "cell_type": "code",
   "execution_count": 12,
   "metadata": {},
   "outputs": [],
   "source": [
    "from sklearn.pipeline import Pipeline"
   ]
  },
  {
   "cell_type": "code",
   "execution_count": 13,
   "metadata": {},
   "outputs": [],
   "source": [
    "pipe = Pipeline([('scaler', scaler),\n",
    "                 ('pca', pca)])"
   ]
  },
  {
   "cell_type": "code",
   "execution_count": 15,
   "metadata": {},
   "outputs": [
    {
     "data": {
      "text/plain": [
       "Pipeline(steps=[('scaler', StandardScaler()),\n",
       "                ('pca', PCA(n_components=5, random_state=13))])"
      ]
     },
     "execution_count": 15,
     "metadata": {},
     "output_type": "execute_result"
    }
   ],
   "source": [
    "pipe.fit(B.drop('class', axis=1))"
   ]
  },
  {
   "cell_type": "code",
   "execution_count": 16,
   "metadata": {},
   "outputs": [
    {
     "data": {
      "text/plain": [
       "array([[-2.87272750e-01, -1.07008401e-01, -3.13582010e-01,\n",
       "        -2.73614367e-01, -3.19481377e-01, -3.10664625e-01,\n",
       "         3.02475086e-01,  1.81663491e-01,  2.54525428e-01,\n",
       "         2.28143524e-01,  3.40950740e-01, -1.10290297e-02,\n",
       "        -1.52879134e-02,  2.71051956e-01, -3.13966020e-02,\n",
       "        -1.55188588e-02,  3.17601427e-01,  2.73782862e-02],\n",
       "       [ 3.02762378e-01, -7.42748656e-02, -1.61048590e-01,\n",
       "         2.98077123e-01,  2.53562362e-01, -8.61501058e-02,\n",
       "        -1.71722117e-01, -1.22231655e-01,  2.71517448e-01,\n",
       "         3.29248864e-01,  2.59375416e-02,  4.57672256e-01,\n",
       "         4.45082214e-01,  2.58400426e-01, -7.01916870e-02,\n",
       "        -6.43647596e-03,  7.26633567e-02,  6.71295841e-02],\n",
       "       [-2.16297024e-02,  3.50349512e-01, -1.43327143e-04,\n",
       "         1.03701446e-01, -1.26890162e-02,  6.09887127e-02,\n",
       "        -1.42442203e-01,  4.10563419e-01, -7.72349126e-02,\n",
       "         7.53547802e-02, -2.21695976e-02,  3.76388863e-02,\n",
       "         5.49911527e-02,  5.57980333e-02,  1.97466499e-02,\n",
       "        -5.82746956e-01,  1.43432587e-01, -5.41345156e-01],\n",
       "       [-1.14310218e-01,  5.86118673e-01,  1.53152828e-01,\n",
       "         3.10071379e-02, -1.16662803e-01,  3.32307104e-01,\n",
       "         8.58581355e-02,  2.31392358e-01, -1.37766499e-01,\n",
       "         1.56252722e-01,  7.43443867e-02,  1.17607910e-01,\n",
       "         1.53933839e-01, -1.08288706e-03, -3.34850736e-01,\n",
       "         2.84355643e-01,  1.45668502e-01,  3.65206916e-01],\n",
       "       [-7.57223581e-03, -1.84201881e-01, -1.17771521e-03,\n",
       "        -2.81286226e-02,  1.18066208e-02, -1.44047623e-01,\n",
       "        -7.28653641e-02,  4.60674260e-03,  5.15821541e-02,\n",
       "        -1.38700577e-01, -6.09618194e-02, -2.96344024e-02,\n",
       "        -9.59530251e-02,  4.74904393e-02, -9.21398356e-01,\n",
       "        -1.19996957e-01, -1.67508616e-01, -9.80369978e-02]])"
      ]
     },
     "execution_count": 16,
     "metadata": {},
     "output_type": "execute_result"
    }
   ],
   "source": [
    "pca.components_"
   ]
  },
  {
   "cell_type": "code",
   "execution_count": 17,
   "metadata": {},
   "outputs": [
    {
     "data": {
      "text/plain": [
       "array([[ 1.10523582,  0.01977845,  0.35536031,  0.85335826,  0.90485077,\n",
       "         0.41879261, -0.76227577, -0.52670659, -0.11116523, -0.03297061,\n",
       "        -0.59515211,  0.56451383,  0.55219628, -0.17957283,  0.01433481,\n",
       "         0.01696736, -0.51134812,  0.01745587],\n",
       "       [ 0.01977845,  0.94667856,  0.35137579,  0.20111238,  0.05933091,\n",
       "         0.50230929, -0.20589514,  0.37823875, -0.4044909 , -0.08066219,\n",
       "        -0.20361965, -0.02588444,  0.02564171, -0.2238788 , -0.00838532,\n",
       "        -0.26790223, -0.01197235, -0.24118994],\n",
       "       [ 0.35536031,  0.35137579,  0.94913646,  0.35376854,  0.45088956,\n",
       "         0.72397602, -0.47504689, -0.24526937, -0.70298944, -0.64258748,\n",
       "        -0.68180729, -0.25764422, -0.23532838, -0.70614011,  0.05698842,\n",
       "         0.07927345, -0.65479789, -0.04122411],\n",
       "       [ 0.85335826,  0.20111238,  0.35376854,  1.0572036 ,  0.85149837,\n",
       "         0.46209821, -0.75985455, -0.35738441, -0.13744262,  0.02721641,\n",
       "        -0.56063086,  0.5834007 ,  0.58230692, -0.14599808, -0.01585316,\n",
       "        -0.10724952, -0.42019873, -0.08108738],\n",
       "       [ 0.90485077,  0.05933091,  0.45088956,  0.85149837,  1.11823795,\n",
       "         0.49751367, -0.79399718, -0.53154117, -0.21747047, -0.14582168,\n",
       "        -0.6713377 ,  0.47584564,  0.46616804, -0.28431161,  0.02201865,\n",
       "         0.00703932, -0.5904557 , -0.01485216],\n",
       "       [ 0.41879261,  0.50230929,  0.72397602,  0.46209821,  0.49751367,\n",
       "         0.97527955, -0.51766597, -0.18025975, -0.65757239, -0.48458638,\n",
       "        -0.65054145, -0.08955706, -0.05477766, -0.62063833,  0.07953184,\n",
       "         0.06052472, -0.56199881, -0.01895172],\n",
       "       [-0.76227577, -0.20589514, -0.47504689, -0.75985455, -0.79399718,\n",
       "        -0.51766597,  0.95435939,  0.31883353,  0.30902469,  0.20515728,\n",
       "         0.65164839, -0.33893544, -0.33709057,  0.3186004 ,  0.00526576,\n",
       "         0.1956245 ,  0.53293729,  0.21900768],\n",
       "       [-0.52670659,  0.37823875, -0.24526937, -0.35738441, -0.53154117,\n",
       "        -0.18025975,  0.31883353,  0.9063755 ,  0.05412896,  0.20629754,\n",
       "         0.3754918 , -0.1760062 , -0.15017502,  0.23616715, -0.06450039,\n",
       "        -0.49455713,  0.49701469, -0.42380768],\n",
       "       [-0.11116523, -0.4044909 , -0.70298944, -0.13744262, -0.21747047,\n",
       "        -0.65757239,  0.30902469,  0.05412896,  0.94102974,  0.68795406,\n",
       "         0.56866134,  0.46001703,  0.42858001,  0.71215196, -0.12132796,\n",
       "         0.02626897,  0.53892727,  0.15837071],\n",
       "       [-0.03297061, -0.08066219, -0.64258748,  0.02721641, -0.14582168,\n",
       "        -0.48458638,  0.20515728,  0.20629754,  0.68795406,  1.01826611,\n",
       "         0.5411646 ,  0.62100386,  0.6139707 ,  0.73925569, -0.08891217,\n",
       "        -0.07335701,  0.62081015,  0.10392522],\n",
       "       [-0.59515211, -0.20361965, -0.68180729, -0.56063086, -0.6713377 ,\n",
       "        -0.65054145,  0.65164839,  0.3754918 ,  0.56866134,  0.5411646 ,\n",
       "         0.94632538,  0.03248999,  0.02697241,  0.60666938, -0.05762301,\n",
       "         0.02236136,  0.70439592,  0.12555065],\n",
       "       [ 0.56451383, -0.02588444, -0.25764422,  0.5834007 ,  0.47584564,\n",
       "        -0.08955706, -0.33893544, -0.1760062 ,  0.46001703,  0.62100386,\n",
       "         0.03248999,  1.06325212,  0.84913022,  0.46237244, -0.14446251,\n",
       "        -0.02432127,  0.14565172,  0.12134643],\n",
       "       [ 0.55219628,  0.02564171, -0.23532838,  0.58230692,  0.46616804,\n",
       "        -0.05477766, -0.33709057, -0.15017502,  0.42858001,  0.6139707 ,\n",
       "         0.02697241,  0.84913022,  1.03814884,  0.44165106, -0.10410945,\n",
       "        -0.03003594,  0.15304749,  0.11420997],\n",
       "       [-0.17957283, -0.2238788 , -0.70614011, -0.14599808, -0.28431161,\n",
       "        -0.62063833,  0.3186004 ,  0.23616715,  0.71215196,  0.73925569,\n",
       "         0.60666938,  0.46237244,  0.44165106,  0.9419171 , -0.15820601,\n",
       "        -0.11226566,  0.63247444,  0.04408572],\n",
       "       [ 0.01433481, -0.00838532,  0.05698842, -0.01585316,  0.02201865,\n",
       "         0.07953184,  0.00526576, -0.06450039, -0.12132796, -0.08891217,\n",
       "        -0.05762301, -0.14446251, -0.10410945, -0.15820601,  0.99792592,\n",
       "        -0.0316938 , -0.00667591, -0.10226787],\n",
       "       [ 0.01696736, -0.26790223,  0.07927345, -0.10724952,  0.00703932,\n",
       "         0.06052472,  0.1956245 , -0.49455713,  0.02626897, -0.07335701,\n",
       "         0.02236136, -0.02432127, -0.03003594, -0.11226566, -0.0316938 ,\n",
       "         1.06792256, -0.16635125,  0.82944838],\n",
       "       [-0.51134812, -0.01197235, -0.65479789, -0.42019873, -0.5904557 ,\n",
       "        -0.56199881,  0.53293729,  0.49701469,  0.53892727,  0.62081015,\n",
       "         0.70439592,  0.14565172,  0.15304749,  0.63247444, -0.00667591,\n",
       "        -0.16635125,  0.94821595, -0.03596067],\n",
       "       [ 0.01745587, -0.24118994, -0.04122411, -0.08108738, -0.01485216,\n",
       "        -0.01895172,  0.21900768, -0.42380768,  0.15837071,  0.10392522,\n",
       "         0.12555065,  0.12134643,  0.11420997,  0.04408572, -0.10226787,\n",
       "         0.82944838, -0.03596067,  1.03231894]])"
      ]
     },
     "execution_count": 17,
     "metadata": {},
     "output_type": "execute_result"
    }
   ],
   "source": [
    "pca.get_covariance()"
   ]
  },
  {
   "cell_type": "code",
   "execution_count": 18,
   "metadata": {},
   "outputs": [
    {
     "data": {
      "text/plain": [
       "array([6.52586066, 4.23793035, 2.48029822, 1.20867554, 0.97488583])"
      ]
     },
     "execution_count": 18,
     "metadata": {},
     "output_type": "execute_result"
    }
   ],
   "source": [
    "pca.explained_variance_"
   ]
  },
  {
   "cell_type": "code",
   "execution_count": 19,
   "metadata": {},
   "outputs": [
    {
     "data": {
      "text/plain": [
       "array([0.36239018, 0.23533821, 0.13773444, 0.06711945, 0.05413678])"
      ]
     },
     "execution_count": 19,
     "metadata": {},
     "output_type": "execute_result"
    }
   ],
   "source": [
    "pca.explained_variance_ratio_"
   ]
  },
  {
   "cell_type": "code",
   "execution_count": 20,
   "metadata": {},
   "outputs": [
    {
     "data": {
      "text/plain": [
       "0.8567190510961913"
      ]
     },
     "execution_count": 20,
     "metadata": {},
     "output_type": "execute_result"
    }
   ],
   "source": [
    "np.sum(pca.explained_variance_ratio_[0:5])"
   ]
  },
  {
   "cell_type": "code",
   "execution_count": 30,
   "metadata": {},
   "outputs": [],
   "source": [
    "# Q2 \n",
    "_ = \"\"\"\n",
    "Q2: 23개 장르를 보다 압축하기 위해 계층적 군집(Hierarchical clustering) 모형을 수행하고자 한다. \n",
    "    군집 간거리계산 방법은 유클리드 거리를 기록하고 병합은 와드 연결법으로 진행한다.\n",
    "    (나머지 디폴트) \n",
    "    이때 변수는 Q1을 통해 수행한 0부터 4까지 다섯개까지 합성변수를 바탕으로 하고 군집간 거리를 통해 3개의 군집으로 나누어 본다. \n",
    "    이때 한 군집으로의 쏠림현상이 가장 큰 장르는 무엇인지 서술하시오.\n",
    "\"\"\""
   ]
  },
  {
   "cell_type": "code",
   "execution_count": 21,
   "metadata": {},
   "outputs": [],
   "source": [
    "principals = pipe.transform(B.drop('class', axis=1))"
   ]
  },
  {
   "cell_type": "code",
   "execution_count": 22,
   "metadata": {},
   "outputs": [
    {
     "data": {
      "text/html": [
       "<div>\n",
       "<style scoped>\n",
       "    .dataframe tbody tr th:only-of-type {\n",
       "        vertical-align: middle;\n",
       "    }\n",
       "\n",
       "    .dataframe tbody tr th {\n",
       "        vertical-align: top;\n",
       "    }\n",
       "\n",
       "    .dataframe thead th {\n",
       "        text-align: right;\n",
       "    }\n",
       "</style>\n",
       "<table border=\"1\" class=\"dataframe\">\n",
       "  <thead>\n",
       "    <tr style=\"text-align: right;\">\n",
       "      <th></th>\n",
       "      <th>0</th>\n",
       "      <th>1</th>\n",
       "      <th>2</th>\n",
       "      <th>3</th>\n",
       "      <th>4</th>\n",
       "    </tr>\n",
       "  </thead>\n",
       "  <tbody>\n",
       "    <tr>\n",
       "      <th>0</th>\n",
       "      <td>-2.572629</td>\n",
       "      <td>-0.456240</td>\n",
       "      <td>-1.400974</td>\n",
       "      <td>-0.264937</td>\n",
       "      <td>-0.298986</td>\n",
       "    </tr>\n",
       "    <tr>\n",
       "      <th>1</th>\n",
       "      <td>-2.989018</td>\n",
       "      <td>-1.382327</td>\n",
       "      <td>0.471413</td>\n",
       "      <td>-0.538964</td>\n",
       "      <td>0.103854</td>\n",
       "    </tr>\n",
       "    <tr>\n",
       "      <th>2</th>\n",
       "      <td>-0.436349</td>\n",
       "      <td>-2.147236</td>\n",
       "      <td>1.335692</td>\n",
       "      <td>0.287323</td>\n",
       "      <td>-0.243133</td>\n",
       "    </tr>\n",
       "    <tr>\n",
       "      <th>3</th>\n",
       "      <td>-2.167112</td>\n",
       "      <td>-1.980958</td>\n",
       "      <td>0.270651</td>\n",
